 20  -0.32813  0.10002  0.30399
 21  -0.32813  0.10002  0.30399
 22  -0.32813  0.10002  0.30399
 23  -0.32813  0.10002  0.30399
 24  -0.32813  0.10002  0.30399
 25  -0.32813  0.10002  0.30399
 26  -0.32813  0.10002  0.30399
 27  -0.09457  0.10002  0.30399
 28  -0.09457  0.11721  0.65813
 29  -0.09457  0.13547  0.73823
 30  -0.09457  0.14351  0.74293
 31  -0.09457  0.14548  0.73401
 32  -0.09457  0.14546  0.72834
 33  -0.09457  0.14517  0.72642
 34  -0.09457  0.14501  0.72613
 35  -0.09457  0.14496  0.72623
 36  -0.09457  0.14496  0.72633
 37  -0.09457  0.14496  0.72637
 38  -0.09457  0.14496  0.72638
 39  -0.09457  0.14496  0.72637
 40  -0.09457  0.14496  0.72637
 41  -0.09457  0.14496  0.72637
 42  -0.09457  0.14496  0.72637
 43  -0.09457  0.14496  0.72637
 44  -0.09457  0.14496  0.72637
 45  -0.09457  0.14496  0.72637
 46  -0.09457  0.14496  0.72637
 47  -0.29123  0.14496  0.72637
 48  -0.29123  0.12713  0.39808
 49  -0.29123  0.11251  0.35244
 50  -0.29123  0.10712  0.35441
 51  -0.29123  0.10560  0.35799
 52  -0.29123  0.10525  0.35947
 53  -0.29123  0.10518  0.35992
 54  -0.29123  0.10518  0.36003
 55  -0.29123  0.10518  0.36005
 56  -0.29123  0.10518  0.36005
 57  -0.29123  0.10518  0.36005
 58  -0.29123  0.10518  0.36005
 59  -0.29123  0.10518  0.36005
 60  -0.29123  0.10518  0.36005
 61  -0.29123  0.10518  0.36005
 62  -0.29123  0.10518  0.36005
 63  -0.29123  0.10518  0.36005
 64  -0.25306  0.10518  0.36005
 65  -0.25306  0.10773  0.41457
 66  -0.25306  0.10993  0.42216
 67  -0.25306  0.11077  0.42196
 68  -0.25306  0.11100  0.42136
 69  -0.25306  0.11105  0.42109
 70  -0.25306  0.11105  0.42101
 71  -0.25306  0.11105  0.42099
 72  -0.25306  0.11105  0.42099
 73  -0.25306  0.11105  0.42099
 74  -0.25306  0.11105  0.42099
 75  -0.25306  0.11105  0.42099
 76  -0.25306  0.11105  0.42099
 77  -0.25306  0.11105  0.42099
 78  -0.25306  0.11105  0.42099
 79  -0.25306  0.11105  0.42099
 80  -0.25306  0.11105  0.42099
 81  -0.25306  0.11105  0.42099
 82  -0.25306  0.11105  0.42099
 83  -0.57570  0.11105  0.42099
 84  -0.57570  0.09313  0.00410
 85  -0.57570  0.08067  -0.02805
 86  -0.57570  0.07619  -0.02664
 87  -0.57570  0.07475  -0.02506
 88  -0.57570  0.07431  -0.02445
 89  -0.57570  0.07417  -0.02425
 90  -0.57570  0.07413  -0.02419
 91  -0.57570  0.07412  -0.02417
 92  -0.57570  0.07411  -0.02417
 93  -0.57570  0.07411  -0.02417
 94  -0.57570  0.07411  -0.02417
 95  -0.57570  0.07411  -0.02417
 96  -0.57570  0.07411  -0.02417
 97  -0.50948  0.07411  -0.02417
 98  -0.50948  0.07681  0.05196
 99  -0.50948  0.07883  0.05799
 100  -0.50948  0.07957  0.05781
 101  -0.50948  0.07980  0.05752
 102  -0.50948  0.07987  0.05740
 103  -0.50948  0.07989  0.05737
 104  -0.50948  0.07990  0.05735
 105  -0.50948  0.07990  0.05735
 106  -0.50948  0.07990  0.05735
 107  -0.50948  0.07990  0.05735
 108  -0.50948  0.07990  0.05735
 109  -0.50948  0.07990  0.05735
 110  -0.50948  0.07990  0.05735
 111  -0.50948  0.07990  0.05735
 112  -0.50948  0.07990  0.05735
 113  -0.50948  0.07990  0.05735
 114  -0.50948  0.07990  0.05735
 115  -0.50948  0.07990  0.05735
 116  -0.45464  0.07990  0.05735
 117  -0.45464  0.08237  0.12279
 118  -0.45464  0.08425  0.12850
 119  -0.45464  0.08494  0.12831
 120  -0.45464  0.08515  0.12801
 121  -0.45464  0.08522  0.12788
 122  -0.45464  0.08523  0.12785
 123  -0.45464  0.08524  0.12784
 124  -0.45464  0.08524  0.12783
 125  -0.45464  0.08524  0.12783
 126  -0.45464  0.08524  0.12783
 127  -0.45464  0.08524  0.12783
 128  -0.45464  0.08524  0.12783
 129  -0.45464  0.08524  0.12783
 130  -0.45464  0.08524  0.12783
 131  -0.39329  0.08524  0.12783
 132  -0.39329  0.08828  0.20405
 133  -0.39329  0.09067  0.21153
 134  -0.39329  0.09155  0.21128
 135  -0.01910  0.09182  0.21083
 136  -0.01910  0.11930  0.78049
 137  -0.01910  0.15343  0.95667
 138  -0.01910  0.17247  0.99642
 139  -0.01910  0.17814  0.97903
 140  -0.01910  0.17726  0.95411
 141  -0.05828  0.17511  0.94033
 142  -0.05828  0.16790  0.84484
 143  -0.05828  0.16045  0.81236
 144  -0.05828  0.15710  0.81011
 145  -0.05828  0.15632  0.81429
 146  -0.05828  0.15642  0.81729
 147  -0.05828  0.15662  0.81842
 148  -0.05828  0.15672  0.81861
 149  -0.05828  0.15675  0.81852
 150  -0.05828  0.15675  0.81843
 151  -0.05828  0.15675  0.81840
 152  -0.05828  0.15675  0.81839
 153  -0.05828  0.15675  0.81839
 154  -0.05828  0.15675  0.81839
 155  -0.05828  0.15675  0.81839
 156  -0.05828  0.15675  0.81839
 157  -0.05828  0.15675  0.81839
 158  -0.19026  0.15675  0.81839
 159  -0.19026  0.14221  0.56917
 160  -0.19026  0.12886  0.52132
 161  -0.19026  0.12372  0.52228
 162  -0.19026  0.12238  0.52676
 163  -0.19026  0.12218  0.52885
 164  -0.19026  0.12219  0.52948
 165  -0.19026  0.12222  0.52960
 166  -0.19026  0.12223  0.52960
 167  -0.19026  0.12223  0.52960
 168  -0.19026  0.12223  0.52959
 169  -0.19026  0.12223  0.52959
 170  -0.19026  0.12223  0.52959
 171  -0.19026  0.12223  0.52959
 172  -0.19026  0.12223  0.52959
 173  -0.19026  0.12223  0.52959
 174  -0.19026  0.12223  0.52959
 175  -0.19026  0.12223  0.52959
 176  -0.19026  0.12223  0.52959
 177  -0.19026  0.12223  0.52959
 178  -0.26325  0.12223  0.52959
 179  -0.26325  0.11660  0.41769
 180  -0.26325  0.11183  0.40185
 181  -0.26325  0.11004  0.40237
 182  -0.26325  0.10954  0.40364
 183  -0.26325  0.10944  0.40419
 184  -0.26325  0.10942  0.40435
 185  -0.26325  0.10942  0.40439
 186  -0.47712  0.10942  0.40440
 187  -0.47712  0.09691  0.12055
 188  -0.47712  0.08775  0.09525
 189  -0.47712  0.08444  0.09636
 190  -0.26735  0.08341  0.09778
 191  -0.26735  0.09424  0.36811
 192  -0.26735  0.10383  0.40242
 193  -0.26735  0.10749  0.40185
 194  -0.26735  0.10852  0.39931
 195  -0.26735  0.10875  0.39821
 196  -0.26735  0.10878  0.39787
 197  -0.26735  0.10878  0.39779
 198  -0.26735  0.10878  0.39778
 199  -0.26735  0.10878  0.39778
 200  -0.26735  0.10878  0.39778
 201  -0.26735  0.10878  0.39778
 202  -0.26735  0.10878  0.39778
 203  -0.45281  0.10878  0.39778
 204  -0.45281  0.09780  0.15012
 205  -0.45281  0.08966  0.12715
 206  -0.45281  0.08670  0.12815
 207  -0.45281  0.08579  0.12949
 208  -0.45281  0.08553  0.13001
 209  -0.39306  0.08545  0.13017
 210  -0.39306  0.08840  0.20451
 211  -0.39306  0.09073  0.21182
 212  -0.39306  0.09159  0.21158
 213  -0.29902  0.09185  0.21114
 214  -0.29902  0.09726  0.33525
 215  -0.29902  0.10175  0.35016
 216  -0.29902  0.10343  0.34972
 217  -0.29902  0.10391  0.34863
 218  -0.29902  0.10402  0.34818
 219  -0.29902  0.10404  0.34804
 220  -0.29902  0.10405  0.34801
 221  -0.29902  0.10405  0.34800
 222  -0.29902  0.10405  0.34800
 223  -0.29902  0.10405  0.34800
 224  -0.29902  0.10405  0.34800
 225  -0.29902  0.10405  0.34800
 226  -0.29902  0.10405  0.34800
 227  -0.29902  0.10405  0.34800
 228  -0.29902  0.10405  0.34800
 229  -0.29902  0.10405  0.34800
 230  -0.29902  0.10405  0.34800
 231  -0.29902  0.10405  0.34800
 232  -0.29902  0.10405  0.34800
 233  -0.35116  0.10405  0.34800
 234  -0.35116  0.10086  0.27697
 235  -0.35116  0.09832  0.26909
 236  -0.35116  0.09739  0.26939
 237  -0.35116  0.09711  0.26992
 238  -0.15306  0.09704  0.27014
 239  -0.15306  0.11040  0.55652
 240  -0.15306  0.12341  0.60837
 241  -0.15306  0.12869  0.60902
 242  -0.15306  0.13004  0.60395
 243  -0.15306  0.13017  0.60132
 244  -0.15306  0.13011  0.60052
 245  -0.15306  0.13006  0.60038
 246  -0.15306  0.13004  0.60039
 247  -0.15306  0.13004  0.60041
 248  -0.15306  0.13004  0.60042
 249  -0.53454  0.13004  0.60042
 250  -0.53454  0.10465  0.06507
 251  -0.53454  0.08689  0.01999
 252  -0.53454  0.08052  0.02226
 253  -0.53454  0.07850  0.02470
 254  -0.53454  0.07789  0.02564
 255  -0.53454  0.07771  0.02594
 256  -0.53454  0.07765  0.02603
 257  -0.53454  0.07764  0.02606
 258  -0.53454  0.07763  0.02606
 259  -0.53454  0.07763  0.02607
 260  -0.53454  0.07763  0.02607
 261  -0.53454  0.07763  0.02607
 262  -0.53454  0.07763  0.02607
 263  -0.53454  0.07763  0.02607
 264  -0.53454  0.07763  0.02607
 265  -0.53454  0.07763  0.02607
 266  -0.53454  0.07763  0.02607
 267  -0.53454  0.07763  0.02607
 268  -0.53454  0.07763  0.02607
 269  -0.08317  0.07763  0.02607
 270  -0.08317  0.10410  0.63954
 271  -0.08317  0.13300  0.77154
 272  -0.50443  0.14620  0.78235
 273  -0.50443  0.11564  0.11861
 274  -0.50443  0.09247  0.05566
 275  -0.50443  0.08411  0.05844
 276  -0.50443  0.08148  0.06182
 277  -0.50443  0.08070  0.06312
 278  -0.14611  0.08046  0.06354
 279  -0.14611  0.10086  0.54276
 280  -0.14611  0.12113  0.62632
 281  -0.14611  0.12953  0.62829
 282  -0.14611  0.13166  0.62016
 283  -0.14611  0.13186  0.61581
 284  -0.14611  0.13174  0.61447
 285  -0.14611  0.13165  0.61424
 286  -0.14611  0.13163  0.61426
 287  -0.14611  0.13162  0.61430
 288  -0.14611  0.13162  0.61432
 289  -0.14611  0.13162  0.61432
 290  -0.14611  0.13162  0.61432
 291  -0.14611  0.13162  0.61432
 292  -0.14611  0.13162  0.61432
 293  -0.14611  0.13162  0.61432
 294  -0.14611  0.13162  0.61432
 295  -0.14611  0.13162  0.61432
 296  -0.14611  0.13162  0.61432
 297  -0.11796  0.13162  0.61432
 298  -0.11796  0.13434  0.66378
 299  -0.11796  0.13711  0.67523
 300  -0.11796  0.13827  0.67554
 301  -0.11796  0.13856  0.67431
 302  -0.11796  0.13857  0.67362
 303  -0.28397  0.13854  0.67339
 304  -0.28397  0.12413  0.40288
 305  -0.28397  0.11222  0.36514
 306  -0.28397  0.10782  0.36667
 307  -0.28397  0.10658  0.36965
 308  -0.28397  0.10630  0.37090
 309  -0.28397  0.10625  0.37127
 310  -0.28397  0.10625  0.37137
 311  -0.35116  0.10625  0.37138
 312  -0.35116  0.10205  0.27904
 313  -0.35116  0.09872  0.26874
 314  -0.35116  0.09750  0.26914
 315  -0.35116  0.09714  0.26983
 316  -0.35116  0.09705  0.27011
 317  -0.35116  0.09702  0.27020
 318  -0.35116  0.09702  0.27022
 319  -0.35116  0.09702  0.27023
 320  -0.35116  0.09702  0.27023
 321  -0.35116  0.09702  0.27023
 322  -0.17150  0.09702  0.27023
 323  -0.17150  0.10895  0.52743
 324  -0.17150  0.12028  0.57133
 325  -0.17150  0.12480  0.57146
 326  -0.17150  0.12597  0.56733
 327  -0.17150  0.12612  0.56529
 328  -0.17150  0.12608  0.56467
 329  -0.17150  0.12605  0.56456
 330  -0.17150  0.12604  0.56456
 331  -0.17150  0.12604  0.56457
 332  -0.17150  0.12604  0.56458
 333  -0.17150  0.12604  0.56458
 334  -0.17150  0.12604  0.56458
 335  -0.17150  0.12604  0.56458
 336  -0.17150  0.12604  0.56458
 337  -0.17150  0.12604  0.56458
 338  -0.22827  0.12604  0.56458
 339  -0.22827  0.12137  0.47432
 340  -0.22827  0.11727  0.46014
 341  -0.22827  0.11571  0.46051
 342  -0.22827  0.11529  0.46173
 343  -0.22827  0.11521  0.46227
 344  -0.22827  0.11521  0.46243
 345  -0.22827  0.11521  0.46247
 346  -0.22827  0.11521  0.46247
 347  -0.22827  0.11521  0.46247
 348  -0.22827  0.11521  0.46247
 349  -0.22827  0.11521  0.46247
 350  -0.03237  0.11521  0.46247
 351  -0.03237  0.13312  0.79890
 352  -0.03237  0.15488  0.90753
 353  -0.03237  0.16623  0.92610
 354  -0.03237  0.16929  0.91399
 355  -0.03237  0.16884  0.90114
 356  -0.03237  0.16784  0.89504
 357  -0.03237  0.16725  0.89367
 358  -0.03237  0.16706  0.89405
 359  -0.03237  0.16706  0.89461
 360  -0.03237  0.16710  0.89492
 361  -0.56041  0.16713  0.89501
 362  -0.56041  0.12196  0.05541
 363  -0.56041  0.09132  -0.01613
 364  -0.28163  0.08040  -0.01189
 365  -0.09731  0.09030  0.33589
 366  -0.09731  0.11548  0.67009
 367  -0.09731  0.13537  0.73927
 368  -0.09731  0.14322  0.73804
 369  -0.09731  0.14486  0.72735
 370  -0.09731  0.14468  0.72158
 371  -0.09731  0.14436  0.71985
 372  -0.09731  0.14421  0.71967
 373  -0.09731  0.14416  0.71980
 374  -0.09731  0.14416  0.71990
 375  -0.09731  0.14416  0.71994
 376  -0.09731  0.14417  0.71995
 377  -0.09731  0.14417  0.71995
 378  -0.09731  0.14417  0.71994
 379  -0.09731  0.14417  0.71994
 380  -0.09731  0.14417  0.71994
 381  -0.31712  0.14417  0.71994
 382  -0.31712  0.12481  0.35967
 383  -0.31712  0.10931  0.31273
 384  -0.31712  0.10364  0.31490
 385  -0.15778  0.10201  0.31843
 386  -0.15778  0.11278  0.55442
 387  -0.15778  0.12349  0.59744
 388  -0.15778  0.12784  0.59800
 389  -0.15778  0.12896  0.59392
 390  -0.15778  0.12909  0.59182
 391  -0.15778  0.12904  0.59118
 392  -0.15778  0.12900  0.59106
 393  -0.15778  0.12899  0.59107
 394  -0.15778  0.12899  0.59108
 395  -0.15778  0.12899  0.59109
 396  -0.15778  0.12899  0.59109
 397  -0.15778  0.12899  0.59109
 398  -0.15778  0.12899  0.59109
 399  -0.44889  0.12899  0.59109
 400  -0.44889  0.10855  0.17023
 401  -0.44889  0.09356  0.12952
 402  -0.44889  0.08815  0.13155
 403  -0.44889  0.08649  0.13402
 404  -0.44889  0.08601  0.13498
 405  -0.44889  0.08588  0.13528
 406  -0.44889  0.08584  0.13537
 407  -0.44889  0.08583  0.13539
 408  -0.44889  0.08583  0.13540
 409  -0.13739  0.08583  0.13540
 410  -0.13739  0.10486  0.56506
 411  -0.13739  0.12387  0.64372
 412  -0.13739  0.13179  0.64580
 413  -0.13739  0.13378  0.63791
 414  -0.13739  0.13393  0.63362
 415  -0.13739  0.13379  0.63228
 416  -0.13739  0.13371  0.63205
 417  -0.13739  0.13368  0.63208
 418  -0.13739  0.13367  0.63213
 419  -0.13739  0.13367  0.63214
 420  -0.13739  0.13367  0.63215
 421  -0.13739  0.13367  0.63215
 422  -0.13739  0.13367  0.63215
 423  -0.13739  0.13367  0.63215
 424  -0.13739  0.13367  0.63215
 425  -0.13739  0.13367  0.63215
 426  -0.13739  0.13367  0.63215
 427  -0.13739  0.13367  0.63215
 428  -0.49549  0.13367  0.63215
 429  -0.49549  0.10847  0.11505
 430  -0.49549  0.09052  0.06848
 431  -0.49549  0.08407  0.07088
 432  -0.49549  0.08206  0.07356
 433  -0.49549  0.08146  0.07458
 434  -0.49549  0.08128  0.07491
 435  -0.49549  0.08123  0.07501
 436  -0.49549  0.08122  0.07504
 437  -0.49549  0.08121  0.07505
 438  -0.49549  0.08121  0.07505
 439  -0.04691  0.08121  0.07505
 440  -0.04691  0.10958  0.70843
 441  -0.04691  0.14270  0.87002
 442  -0.04691  0.15932  0.89344
 443  -0.04691  0.16365  0.87496
 444  -0.04691  0.16310  0.85784
 445  -0.04691  0.16188  0.85054
 446  -0.04691  0.16119  0.84916
 447  -0.04691  0.16098  0.84967
 448  -0.57714  0.16098  0.85027
 449  -0.49038  0.11805  0.03196
 450  -0.49038  0.09254  0.06326
 451  -0.49038  0.08486  0.07565
 452  -0.49038  0.08261  0.07977
 453  -0.49038  0.08196  0.08104
 454  -0.49038  0.08177  0.08141
 455  -0.49038  0.08172  0.08152
 456  -0.49038  0.08171  0.08155
 457  -0.49038  0.08170  0.08156
 458  -0.49038  0.08170  0.08156
 459  -0.49038  0.08170  0.08156
 460  -0.49038  0.08170  0.08156
 461  -0.49038  0.08170  0.08156
 462  -0.49038  0.08170  0.08156
 463  -0.49038  0.08170  0.08156
 464  -0.49038  0.08170  0.08156
 465  -0.49038  0.08170  0.08156
 466  -0.49038  0.08170  0.08156
 467  -0.23987  0.08170  0.08156
 468  -0.23987  0.09512  0.40547
 469  -0.23987  0.10708  0.44902
 470  -0.23987  0.11170  0.44843
 471  -0.23987  0.11296  0.44498
 472  -0.23987  0.11322  0.44343
 473  -0.25885  0.11324  0.44297
 474  -0.25885  0.11188  0.41484
 475  -0.25885  0.11071  0.41091
 476  -0.25885  0.11027  0.41102
 477  -0.25885  0.11015  0.41134
 478  -0.25885  0.11012  0.41148
 479  -0.25885  0.11012  0.41152
 480  -0.25885  0.11012  0.41153
 481  -0.25885  0.11012  0.41153
 482  -0.25885  0.11012  0.41153
 483  -0.25885  0.11012  0.41153
 484  -0.25885  0.11012  0.41153
 485  -0.25885  0.11012  0.41153
 486  -0.25885  0.11012  0.41153
 487  -0.25885  0.11012  0.41153
 488  -0.25885  0.11012  0.41153
 489  -0.25885  0.11012  0.41153
 490  -0.25885  0.11012  0.41153
 491  -0.25885  0.11012  0.41153
 492  -0.15828  0.11012  0.41153
 493  -0.15828  0.11779  0.56598
 494  -0.15828  0.12515  0.59469
 495  -0.52158  0.12811  0.59484
 496  -0.52158  0.10458  0.08092
 497  -0.52158  0.08764  0.03637
 498  -0.52158  0.08154  0.03845
 499  -0.52158  0.07962  0.04084
 500  -0.52158  0.07904  0.04176
 501  -0.52158  0.07887  0.04206
 502  -0.52158  0.07881  0.04215
 503  -0.52158  0.07880  0.04217
 504  -0.52158  0.07880  0.04218
 505  -0.52158  0.07879  0.04218
 506  -0.52158  0.07879  0.04218
 507  -0.08697  0.07879  0.04218
 508  -0.08697  0.10452  0.63531
 509  -0.08697  0.13242  0.76173
 510  -0.08697  0.14505  0.77139
 511  -0.08697  0.14818  0.75737
 512  -0.08697  0.14810  0.74789
 513  -0.08697  0.14759  0.74457
 514  -0.08697  0.14731  0.74406
 515  -0.08697  0.14722  0.74425
 516  -0.08697  0.14721  0.74443
 517  -0.08697  0.14722  0.74451
 518  -0.08697  0.14722  0.74453
 519  -0.08697  0.14723  0.74453
 520  -0.08697  0.14723  0.74452
 521  -0.08697  0.14723  0.74452
 522  -0.08697  0.14723  0.74452
 523  -0.08697  0.14723  0.74452
 524  -0.08697  0.14723  0.74452
 525  -0.21057  0.14723  0.74452
 526  -0.21057  0.13489  0.52501
 527  -0.21057  0.12386  0.48656
 528  -0.21057  0.11966  0.48754
 529  -0.21057  0.11855  0.49101
 530  -0.21057  0.11836  0.49258
 531  -0.21057  0.11835  0.49305
 532  -0.21057  0.11837  0.49314
 533  -0.21057  0.11837  0.49315
 534  -0.21057  0.11838  0.49315
 535  -0.21057  0.11838  0.49314
 536  -0.04558  0.11838  0.49314
 537  -0.04558  0.13369  0.77854
 538  -0.04558  0.15172  0.86569
 539  -0.04558  0.16065  0.87740
 540  -0.04558  0.16294  0.86732
 541  -0.11034  0.16265  0.85830
 542  -0.11034  0.15385  0.72008
 543  -0.11034  0.14497  0.68389
 544  -0.11034  0.14127  0.68309
 545  -0.11034  0.14038  0.68712
 546  -0.02979  0.14036  0.68941
 547  -0.02979  0.14983  0.85050
 548  -0.02979  0.16161  0.90989
 549  -0.02979  0.16778  0.92013
 550  -0.02979  0.16946  0.91367
 551  -0.02979  0.16923  0.90673
 552  -0.02979  0.16869  0.90336
 553  -0.02979  0.16836  0.90257
 554  -0.02979  0.16825  0.90277
 555  -0.02979  0.16825  0.90308
 556  -0.02979  0.16827  0.90326
 557  -0.02979  0.16829  0.90331
 558  -0.02979  0.16830  0.90331
 559  -0.02979  0.16830  0.90329
 560  -0.02979  0.16830  0.90328
 561  -0.02979  0.16830  0.90328
 562  -0.02979  0.16830  0.90328
 563  -0.02979  0.16830  0.90328
 564  -0.02979  0.16830  0.90328
 565  -0.29452  0.16830  0.90328
 566  -0.29452  0.13967  0.41367
 567  -0.29452  0.11634  0.34265
 568  -0.29452  0.10780  0.34608
 569  -0.29452  0.10538  0.35171
 570  -0.29452  0.10482  0.35403
 571  -0.29452  0.10471  0.35473
 572  -0.29452  0.10470  0.35490
 573  -0.29452  0.10470  0.35494
 574  -0.29452  0.10470  0.35495
 575  -0.54003  0.10470  0.35495
 576  -0.54003  0.09148  0.04140
 577  -0.54003  0.08209  0.01622
 578  -0.54003  0.07869  0.01729
 579  -0.54003  0.07762  0.01857
 580  -0.54003  0.07729  0.01906
 581  -0.54003  0.07719  0.01922
 582  -0.54003  0.07716  0.01927
 583  -0.46815  0.07715  0.01928
 584  -0.46815  0.08026  0.10383
 585  -0.46815  0.08263  0.11101
 586  -0.46815  0.08349  0.11078
 587  -0.46815  0.08376  0.11040
 588  -0.46815  0.08384  0.11026
 589  -0.46815  0.08386  0.11021
 590  -0.46815  0.08387  0.11020
 591  -0.24235  0.08387  0.11019
 592  -0.24235  0.09623  0.40475
 593  -0.56523  0.10719  0.44437
 594  -0.56523  0.09285  0.02031
 595  -0.56523  0.08122  -0.01480
 596  -0.56523  0.07696  -0.01388
 597  -0.56523  0.07559  -0.01238
 598  -0.56523  0.07517  -0.01179
 599  -0.56523  0.07504  -0.01160
 600  -0.56523  0.07500  -0.01154
 601  -0.56523  0.07499  -0.01153
 602  -0.56523  0.07498  -0.01152
 603  -0.56523  0.07498  -0.01152
 604  -0.56523  0.07498  -0.01152
 605  -0.56523  0.07498  -0.01152
 606  -0.56523  0.07498  -0.01152
 607  -0.56523  0.07498  -0.01152
 608  -0.56523  0.07498  -0.01152
 609  -0.56523  0.07498  -0.01152
 610  -0.56523  0.07498  -0.01152
 611  -0.56523  0.07498  -0.01152
 612  -0.56523  0.07498  -0.01152
 613  -0.03587  0.07498  -0.01152
 614  -0.03587  0.10647  0.71543
 615  -0.03587  0.14418  0.90447
 616  -0.03587  0.16393  0.93788
 617  -0.03587  0.16934  0.91708
 618  -0.49272  0.16855  0.89452
 619  -0.10139  0.12605  0.13851
 620  -0.10139  0.11905  0.59182
 621  -0.10139  0.13207  0.70148
 622  -0.10139  0.14013  0.72105
 623  -0.10139  0.14288  0.71758
 624  -0.10139  0.14332  0.71299
 625  -0.10139  0.14319  0.71092
 626  -0.10139  0.14307  0.71039
 627  -0.10139  0.14301  0.71037
 628  -0.10139  0.14300  0.71043
 629  -0.10139  0.14300  0.71047
 630  -0.10139  0.14300  0.71048
 631  -0.10139  0.14300  0.71048
 632  -0.38865  0.14300  0.71048
 633  -0.38865  0.11942  0.25928
 634  -0.38865  0.10155  0.20914
 635  -0.38865  0.09509  0.21173
 636  -0.38865  0.09316  0.21512
 637  -0.38865  0.09263  0.21645
 638  -0.38865  0.09250  0.21686
 639  -0.38865  0.09247  0.21698
 640  -0.38865  0.09246  0.21701
 641  -0.38865  0.09246  0.21702
 642  -0.17779  0.09246  0.21702
 643  -0.17779  0.10576  0.51148
 644  -0.17779  0.11833  0.56004
 645  -0.17779  0.12333  0.56014
 646  -0.17779  0.12463  0.55566
 647  -0.17779  0.12481  0.55346
 648  -0.17779  0.12478  0.55280
 649  -0.17779  0.12475  0.55268
 650  -0.17779  0.12474  0.55268
 651  -0.17779  0.12473  0.55269
 652  -0.17779  0.12473  0.55269
 653  -0.17779  0.12473  0.55269
 654  -0.17779  0.12473  0.55269
 655  -0.17779  0.12473  0.55269
 656  -0.17779  0.12473  0.55269
 657  -0.41207  0.12473  0.55269
 658  -0.41207  0.10839  0.21440
 659  -0.41207  0.09610  0.17966
 660  -0.41207  0.09164  0.18132
 661  -0.37537  0.09029  0.18352
 662  -0.37537  0.09184  0.23108
 663  -0.37537  0.09327  0.23615
 664  -0.37537  0.09381  0.23607
 665  -0.37537  0.09397  0.23580
 666  -0.37537  0.09401  0.23568
 667  -0.37537  0.09403  0.23564
 668  -0.37537  0.09403  0.23563
 669  -0.37537  0.09403  0.23563
 670  -0.37537  0.09403  0.23563
 671  -0.37537  0.09403  0.23563
 672  -0.37537  0.09403  0.23563
 673  -0.37537  0.09403  0.23563
 674  -0.37537  0.09403  0.23563
 675  -0.37537  0.09403  0.23563
 676  -0.37537  0.09403  0.23563
 677  -0.55763  0.09403  0.23563
 678  -0.55763  0.08522  0.01290
 679  -0.55763  0.07894  -0.00423
 680  -0.55763  0.07667  -0.00357
 681  -0.55763  0.07595  -0.00275
 682  -0.55763  0.07572  -0.00243
 683  -0.55763  0.07566  -0.00233
 684  -0.55763  0.07563  -0.00229
 685  -0.55763  0.07563  -0.00228
 686  -0.55763  0.07563  -0.00228
 687  -0.55763  0.07563  -0.00228
 688  -0.55763  0.07563  -0.00228
 689  -0.55763  0.07563  -0.00228
 690  -0.55763  0.07563  -0.00228
 691  -0.55763  0.07563  -0.00228
 692  -0.55763  0.07563  -0.00228
 693  -0.26152  0.07563  -0.00228
 694  -0.26152  0.09022  0.36720
 695  -0.26152  0.10306  0.41347
 696  -0.26152  0.10799  0.41277
 697  -0.26152  0.10936  0.40930
 698  -0.26152  0.10966  0.40778
 699  -0.26152  0.10970  0.40732
 700  -0.26152  0.10970  0.40722
 701  -0.26152  0.10970  0.40720
 702  -0.30511  0.10970  0.40720
 703  -0.30511  0.10679  0.34520
 704  -0.30511  0.10440  0.33750
 705  -0.30511  0.10351  0.33777
 706  -0.30511  0.10326  0.33834
 707  -0.30511  0.10319  0.33857
 708  -0.30511  0.10318  0.33864
 709  -0.30511  0.10318  0.33866
 710  -0.30511  0.10318  0.33867
 711  -0.30511  0.10318  0.33867
 712  -0.30511  0.10318  0.33867
 713  -0.47690  0.10318  0.33867
 714  -0.47690  0.09366  0.11598
 715  -0.47690  0.08666  0.09634
 716  -0.47690  0.08412  0.09717
 717  -0.47690  0.08333  0.09825
 718  -0.47690  0.08310  0.09868
 719  -0.47690  0.08303  0.09881
 720  -0.47690  0.08301  0.09885
 721  -0.47690  0.08301  0.09886
 722  -0.47690  0.08301  0.09887
 723  -0.47690  0.08301  0.09887
 724  -0.47690  0.08301  0.09887
 725  -0.47690  0.08301  0.09887
 726  -0.48695  0.08301  0.09887
 727  -0.48695  0.08255  0.08684
 728  -0.48695  0.08221  0.08584
 729  -0.48695  0.08208  0.08587
 730  -0.48695  0.08205  0.08592
 731  -0.48695  0.08203  0.08594
 732  -0.48695  0.08203  0.08595
 733  -0.48695  0.08203  0.08595
 734  -0.48695  0.08203  0.08595
 735  -0.48695  0.08203  0.08595
 736  -0.48695  0.08203  0.08595
 737  -0.56340  0.08203  0.08595
 738  -0.56340  0.07875  -0.00333
 739  -0.56340  0.07639  -0.01000
 740  -0.56340  0.07553  -0.00978
 741  -0.56340  0.07526  -0.00947
 742  -0.56340  0.07517  -0.00935
 743  -0.56340  0.07515  -0.00931
 744  -0.56340  0.07514  -0.00930
 745  -0.56340  0.07514  -0.00930
 746  -0.56340  0.07514  -0.00930
 747  -0.56340  0.07514  -0.00930
 748  -0.56340  0.07514  -0.00930
 749  -0.56340  0.07514  -0.00930
 750  -0.56340  0.07514  -0.00930
 751  -0.56340  0.07514  -0.00930
 752  -0.56340  0.07514  -0.00930
 753  -0.56340  0.07514  -0.00930
 754  -0.56340  0.07514  -0.00930
 755  -0.37349  0.07514  -0.00930
 756  -0.37349  0.08371  0.21848
 757  -0.37349  0.09064  0.24108
 758  -0.37349  0.09321  0.24046
 759  -0.37349  0.09398  0.23909
 760  -0.37349  0.09419  0.23853
 761  -0.37349  0.09424  0.23836
 762  -0.37349  0.09425  0.23831
 763  -0.37349  0.09426  0.23830
 764  -0.37349  0.09426  0.23830
 765  -0.37349  0.09426  0.23829
 766  -0.37349  0.09426  0.23829
 767  -0.18075  0.09426  0.23829
 768  -0.18075  0.10661  0.50937
 769  -0.18075  0.11822  0.55395
 770  -0.18075  0.12283  0.55395
 771  -0.18075  0.12403  0.54985
 772  -0.18075  0.12420  0.54786
 773  -0.18075  0.12417  0.54726
 774  -0.18075  0.12415  0.54715
 775  -0.18075  0.12414  0.54715
 776  -0.18075  0.12413  0.54716
 777  -0.50659  0.12413  0.54716
 778  -0.50659  0.10302  0.09506
 779  -0.50659  0.08799  0.05566
 780  -0.50659  0.08259  0.05758
 781  -0.10242  0.08089  0.05977
 782  -0.10242  0.10429  0.61144
 783  -0.10242  0.12943  0.72326
 784  -0.10242  0.14053  0.73005
 785  -0.10242  0.14330  0.71818
 786  -0.18666  0.14333  0.71071
 787  -0.18666  0.13466  0.55935
 788  -0.18666  0.12683  0.53127
 789  -0.18666  0.12380  0.53182
 790  -0.18666  0.12302  0.53450
 791  -0.18666  0.12291  0.53576
 792  -0.18666  0.12292  0.53613
 793  -0.18666  0.12294  0.53621
 794  -0.18666  0.12294  0.53621
 795  -0.18666  0.12294  0.53620
 796  -0.18666  0.12294  0.53620
 797  -0.18666  0.12294  0.53620
 798  -0.18666  0.12294  0.53620
 799  -0.18666  0.12294  0.53620
 800  -0.18666  0.12294  0.53620
 801  -0.18666  0.12294  0.53620
 802  -0.18666  0.12294  0.53620
 803  -0.18666  0.12294  0.53620
 804  -0.18666  0.12294  0.53620
 805  -0.11089  0.12294  0.53620
 806  -0.11089  0.12976  0.66411
 807  -0.11089  0.13680  0.69365
 808  -0.11089  0.13978  0.69469
 809  -0.11089  0.14051  0.69148
 810  -0.11089  0.14053  0.68961
 811  -0.11089  0.14045  0.68900
 812  -0.11089  0.14040  0.68891
 813  -0.11089  0.14039  0.68893
 814  -0.11089  0.14039  0.68896
 815  -0.11089  0.14039  0.68897
 816  -0.11089  0.14039  0.68897
 817  -0.11089  0.14039  0.68897
 818  -0.11089  0.14039  0.68897
 819  -0.11089  0.14039  0.68897
 820  -0.11089  0.14039  0.68897
 821  -0.11089  0.14039  0.68897
 822  -0.11089  0.14039  0.68897
 823  -0.11089  0.14039  0.68897
 824  -0.26332  0.14039  0.68897
 825  -0.26332  0.12671  0.43549
 826  -0.26332  0.11518  0.39800
 827  -0.24523  0.11089  0.39940
 828  -0.24523  0.11096  0.42884
 829  -0.24523  0.11180  0.43397
 830  -0.24523  0.11219  0.43429
 831  -0.24523  0.11230  0.43408
 832  -0.24523  0.11233  0.43396
 833  -0.24523  0.11233  0.43392
 834  -0.24523  0.11233  0.43391
 835  -0.24523  0.11233  0.43391
 836  -0.24523  0.11233  0.43391
 837  -0.24523  0.11233  0.43391
 838  -0.24523  0.11233  0.43391
 839  -0.36171  0.11233  0.43391
 840  -0.36171  0.10472  0.27047
 841  -0.36171  0.09875  0.25240
 842  -0.36171  0.09657  0.25314
 843  -0.36171  0.09592  0.25436
 844  -0.36171  0.09575  0.25485
 845  -0.36171  0.09571  0.25500
 846  -0.36171  0.09570  0.25504
 847  -0.36171  0.09570  0.25505
 848  -0.36171  0.09570  0.25505
 849  -0.36171  0.09570  0.25505
 850  -0.36171  0.09570  0.25505
 851  -0.36171  0.09570  0.25505
 852  -0.36171  0.09570  0.25505
 853  -0.36171  0.09570  0.25505
 854  -0.07045  0.09570  0.25505
 855  -0.07045  0.11672  0.69321
 856  -0.07045  0.14008  0.80085
 857  -0.07045  0.15094  0.81086
 858  -0.07045  0.15362  0.79844
 859  -0.07045  0.15343  0.78930
 860  -0.25450  0.15288  0.78591
 861  -0.25450  0.13426  0.46033
 862  -0.25450  0.11860  0.40981
 863  -0.25450  0.11279  0.41184
 864  -0.25450  0.11119  0.41611
 865  -0.25450  0.11085  0.41794
 866  -0.25450  0.11081  0.41848
 867  -0.25450  0.11081  0.41861
 868  -0.25450  0.11082  0.41863
 869  -0.25450  0.11082  0.41863
 870  -0.25450  0.11082  0.41863
 871  -0.15749  0.11082  0.41862
 872  -0.15749  0.11827  0.56819
 873  -0.15749  0.12543  0.59613
 874  -0.15749  0.12831  0.59628
 875  -0.15749  0.12904  0.59354
 876  -0.15749  0.12912  0.59215
 877  -0.15749  0.12909  0.59172
 878  -0.15749  0.12906  0.59165
 879  -0.15749  0.12905  0.59165
 880  -0.15749  0.12905  0.59166
 881  -0.15749  0.12905  0.59167
 882  -0.15749  0.12905  0.59167
 883  -0.15749  0.12905  0.59167
 884  -0.15749  0.12905  0.59167
 885  -0.15749  0.12905  0.59167
 886  -0.15749  0.12905  0.59167
 887  -0.15749  0.12905  0.59167
 888  -0.55731  0.12905  0.59167
 889  -0.55731  0.10306  0.03724
 890  -0.55731  0.08507  -0.00783
 891  -0.55731  0.07861  -0.00559
 892  -0.55731  0.07656  -0.00322
 893  -0.55731  0.07593  -0.00231
 894  -0.55731  0.07574  -0.00202
 895  -0.55731  0.07568  -0.00193
 896  -0.55731  0.07566  -0.00190
 897  -0.55731  0.07566  -0.00190
 898  -0.55731  0.07565  -0.00189
 899  -0.55731  0.07565  -0.00189
 900  -0.55731  0.07565  -0.00189
 901  -0.55731  0.07565  -0.00189
 902  -0.55731  0.07565  -0.00189
 903  -0.34712  0.07565  -0.00189
 904  -0.34712  0.08538  0.25286
 905  -0.34712  0.09337  0.27946
 906  -0.34712  0.09636  0.27877
 907  -0.34712  0.09724  0.27708
 908  -0.57785  0.09747  0.27638
 909  -0.57785  0.08614  -0.00777
 910  -0.57785  0.07816  -0.02918
 911  -0.57785  0.07527  -0.02835
 912  -0.57785  0.07435  -0.02733
 913  -0.57785  0.07406  -0.02695
 914  -0.57785  0.07397  -0.02682
 915  -0.57785  0.07394  -0.02678
 916  -0.57785  0.07394  -0.02677
 917  -0.57785  0.07393  -0.02676
 918  -0.57785  0.07393  -0.02676
 919  -0.13896  0.07393  -0.02676
 920  -0.13896  0.09739  0.54361
 921  -0.13896  0.12100  0.64277
 922  -0.13896  0.13090  0.64582
 923  -0.13896  0.13341  0.63608
 924  -0.13896  0.13362  0.63075
 925  -0.13896  0.13345  0.62908
 926  -0.13896  0.13334  0.62880
 927  -0.13896  0.13330  0.62883
 928  -0.13896  0.13329  0.62888
 929  -0.40748  0.13329  0.62890
 930  -0.40748  0.11316  0.22692
 931  -0.40748  0.09804  0.18463
 932  -0.40748  0.09257  0.18674
 933  -0.40748  0.09092  0.18948
 934  -0.40748  0.09046  0.19056
 935  -0.40748  0.09034  0.19089
 936  -0.40748  0.09031  0.19099
 937  -0.59279  0.09030  0.19101
 938  -0.54797  0.08184  -0.03025
 939  -0.54797  0.07763  0.00424
 940  -0.54797  0.07676  0.00866
 941  -0.54797  0.07654  0.00935
 942  -0.54797  0.07648  0.00948
 943  -0.54797  0.07646  0.00951
 944  -0.54797  0.07646  0.00952
 945  -0.54797  0.07646  0.00953
 946  -0.54797  0.07646  0.00953
 947  -0.54797  0.07646  0.00953
 948  -0.54797  0.07646  0.00953
 949  -0.54797  0.07646  0.00953
 950  -0.54797  0.07646  0.00953
 951  -0.54797  0.07646  0.00953
 952  -0.54797  0.07646  0.00953
 953  -0.54797  0.07646  0.00953
 954  -0.15712  0.07646  0.00953
 955  -0.15712  0.09762  0.51976
 956  -0.15712  0.11839  0.60440
 957  -0.15712  0.12691  0.60598
 958  -0.15712  0.12909  0.59799
 959  -0.15712  0.12934  0.59383
 960  -0.15712  0.12924  0.59255
 961  -0.08193  0.12917  0.59233
 962  -0.08193  0.13653  0.72635
 963  -0.08193  0.14459  0.76224
 964  -0.08193  0.14819  0.76464
 965  -0.08193  0.14907  0.76056
 966  -0.08193  0.14904  0.75783
 967  -0.08193  0.14889  0.75687
 968  -0.08193  0.14881  0.75672
 969  -0.08193  0.14878  0.75677
 970  -0.08193  0.14878  0.75683
 971  -0.08193  0.14878  0.75685
 972  -0.08193  0.14878  0.75686
 973  -0.08193  0.14878  0.75686
 974  -0.08193  0.14878  0.75686
 975  -0.08193  0.14878  0.75686
 976  -0.39225  0.14878  0.75686
 977  -0.39225  0.12224  0.25872
 978  -0.39225  0.10222  0.20318
 979  -0.39225  0.09499  0.20614
 980  -0.39225  0.09283  0.20990
 981  -0.39225  0.09224  0.21137
 982  -0.39225  0.09208  0.21183
 983  -0.39225  0.09205  0.21196
 984  -0.39225  0.09204  0.21199
 985  -0.39225  0.09204  0.21200
 986  -0.42902  0.09204  0.21200
 987  -0.42902  0.09014  0.16562
 988  -0.42902  0.08868  0.16128
 989  -0.42902  0.08815  0.16145
 990  -0.42902  0.08799  0.16170
 991  -0.42902  0.08795  0.16180
 992  -0.42902  0.08793  0.16183
 993  -0.42902  0.08793  0.16184
 994  -0.42902  0.08793  0.16184
 995  -0.42902  0.08793  0.16184
 996  -0.42902  0.08793  0.16184
 997  -0.42902  0.08793  0.16184
 998  -0.42902  0.08793  0.16184
 999  -0.42902  0.08793  0.16184
 1000  -0.42902  0.08793  0.16184
